Mesh_440:sStage0_20384;sSpMap_20390;sNMap_20387;
1.000000,0.000000,0.000000,0.000000,0.000000,1.000000,0.000000,0.000000,0.000000,0.000000,1.000000,0.000000,
Mesh_446:sStage0_20375;sSpMap_20381;sNMap_20378;
1.000000,0.000000,0.000000,0.000000,0.000000,1.000000,0.000000,0.000000,0.000000,0.000000,1.000000,0.000000,
Mesh_452:sStage0_20225;sSpMap_20231;sNMap_20228;
1.000000,0.000000,0.000000,0.000000,0.000000,1.000000,0.000000,0.000000,0.000000,0.000000,1.000000,0.000000,
Mesh_460:sStage0_19922;sSpMap_19928;sNMap_19925;
-0.062747,0.000000,-0.998031,27388.298828,0.000000,1.000000,0.000000,5022.455078,0.998031,0.000000,-0.062747,14481.342773,
Mesh_466:sStage0_21635;sSpMap_21641;sNMap_21638;
-0.062747,0.000000,-0.998031,27388.298828,0.000000,1.000000,0.000000,5022.455078,0.998031,0.000000,-0.062747,14481.342773,
Mesh_474:sStage0_19832;sSpMap_19838;sNMap_19835;
0.147303,0.000000,0.989092,26837.931641,0.000000,1.000000,0.000000,5088.910156,-0.989092,0.000000,0.147303,14950.731445,
Mesh_477:sStage0_19832;sSpMap_19838;sNMap_19835;
-0.160618,0.000000,0.987016,26821.500000,0.000000,1.000000,0.000000,5088.910156,-0.987016,0.000000,-0.160618,14178.741211,
Mesh_485:sStage0_20672;sSpMap_20678;sNMap_20675;
1.000000,0.000000,0.000000,26359.486328,0.000000,1.000000,0.000000,5024.570801,0.000000,0.000000,1.000000,13132.556641,
Mesh_493:sStage0_20282;sSpMap_20288;sNMap_20285;
-0.128827,0.000000,-0.991667,26831.373047,0.000000,1.000000,0.000000,5060.373535,0.991667,0.000000,-0.128827,14948.693359,
Mesh_499:sStage0_20300;sSpMap_20306;sNMap_20303;
-0.128827,0.000000,-0.991667,26831.373047,0.000000,1.000000,0.000000,5060.373535,0.991667,0.000000,-0.128827,14948.693359,
Mesh_505:sStage0_20291;sSpMap_20297;sNMap_20294;
-0.128827,0.000000,-0.991667,26831.373047,0.000000,1.000000,0.000000,5060.373535,0.991667,0.000000,-0.128827,14948.693359,
Mesh_511:sStage0_20282;sSpMap_20288;sNMap_20285;
0.179002,0.000000,-0.983847,26814.941406,0.000000,1.000000,0.000000,5060.373535,0.983847,0.000000,0.179002,14176.703125,
Mesh_517:sStage0_20300;sSpMap_20306;sNMap_20303;
0.179002,0.000000,-0.983847,26814.941406,0.000000,1.000000,0.000000,5060.373535,0.983847,0.000000,0.179002,14176.703125,
Mesh_523:sStage0_20291;sSpMap_20297;sNMap_20294;
0.179002,0.000000,-0.983847,26814.941406,0.000000,1.000000,0.000000,5060.373535,0.983847,0.000000,0.179002,14176.703125,
Mesh_531:sStage0_19622;sSpMap_19628;sNMap_19625;
0.500002,0.000000,0.866025,25832.595703,0.000000,1.000000,0.000000,4976.551758,-0.866025,0.000000,0.500002,12371.334961,
Mesh_539:sStage0_20663;sSpMap_20669;sNMap_20666;
-0.882948,0.000000,0.469473,26774.257813,0.000000,1.000000,0.000000,5001.853516,-0.469473,0.000000,-0.882948,15483.831055,
Mesh_547:sStage0_21527;sSpMap_21533;sNMap_21530;
-0.500002,0.000000,-0.866027,26493.085938,0.000000,1.000000,0.000000,4963.378906,0.866027,0.000000,-0.500002,15104.997070,
Mesh_555:sStage0_19832;sSpMap_19838;sNMap_19835;
-0.986075,0.000000,0.166309,25657.093750,0.000000,1.000000,0.000000,5088.910156,-0.166309,0.000000,-0.986075,13013.077148,
Mesh_563:sStage0_20282;sSpMap_20288;sNMap_20285;
0.989004,0.000000,-0.147886,25654.937500,0.000000,1.000000,0.000000,5060.373535,0.147886,0.000000,0.989004,13019.585938,
Mesh_569:sStage0_20300;sSpMap_20306;sNMap_20303;
0.989004,0.000000,-0.147886,25654.937500,0.000000,1.000000,0.000000,5060.373535,0.147886,0.000000,0.989004,13019.585938,
Mesh_575:sStage0_20291;sSpMap_20297;sNMap_20294;
0.989004,0.000000,-0.147886,25654.937500,0.000000,1.000000,0.000000,5060.373535,0.147886,0.000000,0.989004,13019.585938,
Mesh_583:sStage0_21527;sSpMap_21533;sNMap_21530;
-0.882948,0.000000,-0.469473,25818.250000,0.000000,1.000000,0.000000,4964.067383,0.469473,0.000000,-0.882948,15757.645508,
Mesh_591:sStage0_19832;sSpMap_19838;sNMap_19835;
-0.989925,0.000000,-0.141595,24884.916016,0.000000,1.000000,0.000000,5088.910156,0.141595,0.000000,-0.989925,13014.651367,
Mesh_599:sStage0_20663;sSpMap_20669;sNMap_20666;
-0.882948,0.000000,0.469473,24787.953125,0.000000,1.000000,0.000000,4998.307617,-0.469473,0.000000,-0.882948,12731.974609,
Mesh_607:sStage0_20282;sSpMap_20288;sNMap_20285;
0.987111,0.000000,0.160036,24882.761719,0.000000,1.000000,0.000000,5060.373535,-0.160036,0.000000,0.987111,13021.177734,
Mesh_613:sStage0_20300;sSpMap_20306;sNMap_20303;
0.987111,0.000000,0.160036,24882.761719,0.000000,1.000000,0.000000,5060.373535,-0.160036,0.000000,0.987111,13021.177734,
Mesh_619:sStage0_20291;sSpMap_20297;sNMap_20294;
0.987111,0.000000,0.160036,24882.761719,0.000000,1.000000,0.000000,5060.373535,-0.160036,0.000000,0.987111,13021.177734,
Mesh_627:sStage0_20216;sSpMap_20222;sNMap_20219;
1.000000,0.000000,0.000000,-0.179688,0.000000,1.000000,0.000000,-0.040527,0.000000,0.000000,1.000000,-0.019531,
Mesh_633:sStage0_20243;sSpMap_20249;sNMap_20246;
1.000000,0.000000,0.000000,-0.179688,0.000000,1.000000,0.000000,-0.040527,0.000000,0.000000,1.000000,-0.019531,
Mesh_639:sStage0_20291;sSpMap_20297;sNMap_20294;
1.000000,0.000000,0.000000,-0.179688,0.000000,1.000000,0.000000,-0.040527,0.000000,0.000000,1.000000,-0.019531,
Mesh_645:sStage0_20252;sSpMap_20258;sNMap_20255;
1.000000,0.000000,0.000000,-0.179688,0.000000,1.000000,0.000000,-0.040527,0.000000,0.000000,1.000000,-0.019531,
Mesh_653:sStage0_21527;sSpMap_21533;sNMap_21530;
0.913546,0.000000,0.406737,24725.828125,0.000000,1.000000,0.000000,4963.925781,-0.406737,0.000000,0.913546,13310.257813,
Mesh_661:sStage0_19832;sSpMap_19838;sNMap_19835;
0.985969,0.000000,0.166928,25674.656250,0.000000,1.000000,0.000000,5088.910156,-0.166928,0.000000,0.985969,16102.924805,
Mesh_669:sStage0_20282;sSpMap_20288;sNMap_20285;
-0.982685,0.000000,-0.185292,25676.644531,0.000000,1.000000,0.000000,5060.373535,0.185292,0.000000,-0.982685,16096.337891,
Mesh_675:sStage0_20300;sSpMap_20306;sNMap_20303;
-0.982685,0.000000,-0.185292,25676.644531,0.000000,1.000000,0.000000,5060.373535,0.185292,0.000000,-0.982685,16096.337891,
Mesh_681:sStage0_20291;sSpMap_20297;sNMap_20294;
-0.982685,0.000000,-0.185292,25676.644531,0.000000,1.000000,0.000000,5060.373535,0.185292,0.000000,-0.982685,16096.337891,
Mesh_689:sStage0_20216;sSpMap_20222;sNMap_20219;
1.000000,0.000000,0.000000,-0.179688,0.000000,1.000000,0.000000,-0.040527,0.000000,0.000000,1.000000,-0.019531,
Mesh_695:sStage0_20234;sSpMap_20240;sNMap_20237;
1.000000,0.000000,0.000000,-0.179688,0.000000,1.000000,0.000000,-0.040527,0.000000,0.000000,1.000000,-0.019531,
Mesh_701:sStage0_20243;sSpMap_20249;sNMap_20246;
1.000000,0.000000,0.000000,-0.179688,0.000000,1.000000,0.000000,-0.040527,0.000000,0.000000,1.000000,-0.019531,
Mesh_707:sStage0_20225;sSpMap_20231;sNMap_20228;
1.000000,0.000000,0.000000,-0.179688,0.000000,1.000000,0.000000,-0.040527,0.000000,0.000000,1.000000,-0.019531,
Mesh_713:sStage0_20252;sSpMap_20258;sNMap_20255;
1.000000,0.000000,0.000000,-0.179688,0.000000,1.000000,0.000000,-0.040527,0.000000,0.000000,1.000000,-0.019531,
Mesh_721:sStage0_20216;sSpMap_20222;sNMap_20219;
1.000000,0.000000,0.000000,0.000000,0.000000,1.000000,0.000000,0.000000,0.000000,0.000000,1.000000,0.000000,
Mesh_729:sStage0_19622;sSpMap_19628;sNMap_19625;
0.070682,0.000000,0.997499,24119.160156,0.000000,1.000000,0.000000,4955.974609,-0.997499,0.000000,0.070682,12601.469727,
Mesh_737:sStage0_20282;sSpMap_20288;sNMap_20285;
-0.823107,0.000000,-0.567891,24117.808594,0.000000,1.000000,0.000000,5026.240234,0.567891,0.000000,-0.823107,12602.240234,
Mesh_743:sStage0_20300;sSpMap_20306;sNMap_20303;
-0.823107,0.000000,-0.567891,24117.808594,0.000000,1.000000,0.000000,5026.240234,0.567891,0.000000,-0.823107,12602.240234,
Mesh_749:sStage0_20291;sSpMap_20297;sNMap_20294;
-0.823107,0.000000,-0.567891,24117.808594,0.000000,1.000000,0.000000,5026.240234,0.567891,0.000000,-0.823107,12602.240234,
Mesh_757:sStage0_19649;sSpMap_19655;sNMap_19652;
-0.532470,0.000000,-0.681543,25542.035156,0.000000,0.864891,0.000000,5076.809570,0.681543,0.000000,-0.532470,17216.896484,
Mesh_765:sStage0_19262;sSpMap_19268;sNMap_19265;
0.559198,0.000000,-0.829036,25455.638672,0.000000,1.000000,0.000000,5067.891113,0.829036,0.000000,0.559198,17461.052734,
Mesh_773:sStage0_20468;sSpMap_20474;sNMap_20471;
1.000000,0.000000,0.000000,0.000000,0.000000,1.000000,0.000000,0.000000,0.000000,0.000000,1.000000,0.000000,
Mesh_779:sStage0_20501;sSpMap_20507;sNMap_20504;
1.000000,0.000000,0.000000,0.000000,0.000000,1.000000,0.000000,0.000000,0.000000,0.000000,1.000000,0.000000,
Mesh_787:sStage0_21527;sSpMap_21533;sNMap_21530;
0.500002,0.000000,0.866025,24074.925781,0.000000,1.000000,0.000000,4963.567383,-0.866025,0.000000,0.500002,13874.520508,
Mesh_790:sStage0_21527;sSpMap_21533;sNMap_21530;
-0.913546,0.000000,0.406737,24687.457031,0.000000,1.000000,0.000000,4963.520508,-0.406737,0.000000,-0.913546,15740.835938,
Mesh_793:sStage0_21527;sSpMap_21533;sNMap_21530;
-0.999976,0.000000,-0.007063,25358.582031,0.000000,1.000000,0.000000,5076.217285,0.007063,0.000000,-0.999976,17226.236328,
Mesh_801:sStage0_19832;sSpMap_19838;sNMap_19835;
0.990013,0.000000,-0.140973,24902.783203,0.000000,1.000000,0.000000,5088.910156,0.140973,0.000000,0.990013,16124.292969,
Mesh_809:sStage0_19064;sSpMap_19070;sNMap_19067;
0.500002,0.000000,-0.866025,25178.582031,0.000000,1.000000,0.000000,5074.183594,0.866025,0.000000,0.500002,17207.460938,
Mesh_817:sStage0_20681;sSpMap_20687;sNMap_20684;
0.615649,0.000000,0.788011,24040.515625,0.000000,1.000000,0.000000,5024.330078,-0.788011,0.000000,0.615649,13133.180664,
Mesh_825:sStage0_19859;sSpMap_19865;sNMap_19862;
-0.016125,0.000000,0.461760,25305.457031,0.000000,0.462041,0.000000,5068.028320,-0.461760,0.000000,-0.016125,17504.587891,
Mesh_833:sStage0_20282;sSpMap_20288;sNMap_20285;
-0.992470,0.000000,0.122481,24904.775391,0.000000,1.000000,0.000000,5060.373535,-0.122481,0.000000,-0.992470,16117.711914,
Mesh_839:sStage0_20300;sSpMap_20306;sNMap_20303;
-0.992470,0.000000,0.122481,24904.775391,0.000000,1.000000,0.000000,5060.373535,-0.122481,0.000000,-0.992470,16117.711914,
Mesh_845:sStage0_20291;sSpMap_20297;sNMap_20294;
-0.992470,0.000000,0.122481,24904.775391,0.000000,1.000000,0.000000,5060.373535,-0.122481,0.000000,-0.992470,16117.711914,
Mesh_853:sStage0_19064;sSpMap_19070;sNMap_19067;
0.848048,0.000000,-0.529922,25115.042969,0.000000,1.000000,0.000000,5073.443848,0.529922,0.000000,0.848048,17266.894531,
Mesh_861:sStage0_19922;sSpMap_19928;sNMap_19925;
0.694191,0.000000,0.719784,23674.000000,0.000000,1.000000,0.000000,5022.000000,-0.719784,0.000000,0.694191,13320.000000,
Mesh_867:sStage0_21635;sSpMap_21641;sNMap_21638;
0.694191,0.000000,0.719784,23674.000000,0.000000,1.000000,0.000000,5022.000000,-0.719784,0.000000,0.694191,13320.000000,
Mesh_875:sStage0_19622;sSpMap_19628;sNMap_19625;
0.615649,0.000000,-0.788010,24429.050781,0.000000,1.000000,0.000000,4959.969238,0.788010,0.000000,0.615649,16643.216797,
Mesh_883:sStage0_20225;sSpMap_20231;sNMap_20228;
1.000000,0.000000,0.000000,0.000000,0.000000,1.000000,0.000000,0.000000,0.000000,0.000000,1.000000,0.000000,
Mesh_889:sStage0_20216;sSpMap_20222;sNMap_20219;
1.000000,0.000000,0.000000,0.000000,0.000000,1.000000,0.000000,0.000000,0.000000,0.000000,1.000000,0.000000,
Mesh_895:sStage0_20252;sSpMap_20258;sNMap_20255;
1.000000,0.000000,0.000000,0.000000,0.000000,1.000000,0.000000,0.000000,0.000000,0.000000,1.000000,0.000000,
Mesh_901:sStage0_20273;sSpMap_20279;sNMap_20276;
1.000000,0.000000,0.000000,0.000000,0.000000,1.000000,0.000000,0.000000,0.000000,0.000000,1.000000,0.000000,
Mesh_910:sStage0_20216;sSpMap_20222;sNMap_20219;
-0.669651,0.000000,-0.742668,23181.541016,0.000000,1.000000,0.000000,4910.000000,0.742668,0.000000,-0.669651,12679.598633,
Mesh_915:sStage0_20216;sSpMap_20222;sNMap_20219;
-0.669651,0.000000,-0.742668,23176.662109,0.000000,1.000000,0.000000,5128.000000,0.742668,0.000000,-0.669651,12681.818359,
Mesh_924:sStage0_20282;sSpMap_20288;sNMap_20285;
0.928795,0.000000,-0.370595,24451.000000,0.000000,1.000000,0.000000,5065.000000,0.370595,0.000000,0.928795,16617.000000,
Mesh_930:sStage0_20300;sSpMap_20306;sNMap_20303;
0.928795,0.000000,-0.370595,24451.000000,0.000000,1.000000,0.000000,5065.000000,0.370595,0.000000,0.928795,16617.000000,
Mesh_936:sStage0_20291;sSpMap_20297;sNMap_20294;
0.928795,0.000000,-0.370595,24451.000000,0.000000,1.000000,0.000000,5065.000000,0.370595,0.000000,0.928795,16617.000000,
Mesh_944:sStage0_20468;sSpMap_20474;sNMap_20471;
1.000000,0.000000,0.000000,0.000000,0.000000,1.000000,0.000000,0.000000,0.000000,0.000000,1.000000,0.000000,
Mesh_950:sStage0_20501;sSpMap_20507;sNMap_20504;
1.000000,0.000000,0.000000,0.000000,0.000000,1.000000,0.000000,0.000000,0.000000,0.000000,1.000000,0.000000,
Mesh_959:sStage0_20468;sSpMap_20474;sNMap_20471;
1.000000,0.000000,0.000000,0.000000,0.000000,1.000000,0.000000,0.000000,0.000000,0.000000,1.000000,0.000000,
Mesh_965:sStage0_20468;sSpMap_20474;sNMap_20471;
1.000000,0.000000,0.000000,0.000000,0.000000,1.000000,0.000000,0.000000,0.000000,0.000000,1.000000,0.000000,
Mesh_971:sStage0_20468;sSpMap_20474;sNMap_20471;
1.000000,0.000000,0.000000,0.000000,0.000000,1.000000,0.000000,0.000000,0.000000,0.000000,1.000000,0.000000,
Mesh_977:sStage0_20468;sSpMap_20474;sNMap_20471;
1.000000,0.000000,0.000000,0.000000,0.000000,1.000000,0.000000,0.000000,0.000000,0.000000,1.000000,0.000000,
Mesh_983:sStage0_20468;sSpMap_20474;sNMap_20471;
1.000000,0.000000,0.000000,0.000000,0.000000,1.000000,0.000000,0.000000,0.000000,0.000000,1.000000,0.000000,
Mesh_989:sStage0_20501;sSpMap_20507;sNMap_20504;
1.000000,0.000000,0.000000,0.000000,0.000000,1.000000,0.000000,0.000000,0.000000,0.000000,1.000000,0.000000,
Mesh_998:sStage0_20468;sSpMap_20474;sNMap_20471;
1.000000,0.000000,0.000000,0.000000,0.000000,1.000000,0.000000,0.000000,0.000000,0.000000,1.000000,0.000000,
Mesh_1004:sStage0_20468;sSpMap_20474;sNMap_20471;
1.000000,0.000000,0.000000,0.000000,0.000000,1.000000,0.000000,0.000000,0.000000,0.000000,1.000000,0.000000,
Mesh_1013:sStage0_20501;sSpMap_20507;sNMap_20504;
1.000000,0.000000,0.000000,24702.324219,0.000000,1.000000,0.000000,5355.000000,0.000000,0.000000,1.000000,17315.974609,
Mesh_1021:sStage0_20468;sSpMap_20474;sNMap_20471;
1.000000,0.000000,0.000000,24910.000000,0.000000,1.000000,0.000000,5800.000000,0.000000,0.000000,1.000000,17685.000000,
Mesh_1027:sStage0_20468;sSpMap_20474;sNMap_20471;
1.000000,0.000000,0.000000,24910.000000,0.000000,1.000000,0.000000,5800.000000,0.000000,0.000000,1.000000,17685.000000,
Mesh_1036:sStage0_21527;sSpMap_21533;sNMap_21530;
-0.309017,0.000000,0.951057,24074.111328,0.000000,1.000000,0.000000,4963.290039,-0.951057,0.000000,-0.309017,15141.606445,
Mesh_1044:sStage0_19832;sSpMap_19838;sNMap_19835;
-0.172613,0.000000,-0.984989,23731.634766,0.000000,1.000000,0.000000,5088.910156,0.984989,0.000000,-0.172613,14176.534180,
Mesh_1047:sStage0_19832;sSpMap_19838;sNMap_19835;
-0.761294,0.000000,0.013916,24923.201172,0.000000,0.761421,0.000000,5762.663086,-0.013916,0.000000,-0.761294,17714.693359,
Mesh_1050:sStage0_19832;sSpMap_19838;sNMap_19835;
0.252633,0.000000,0.609483,24553.128906,0.000000,0.659767,0.000000,5036.713379,-0.609483,0.000000,0.252633,16662.519531,
Mesh_1053:sStage0_19832;sSpMap_19838;sNMap_19835;
-0.605487,0.000000,0.262065,24459.603516,0.000000,0.659767,0.000000,5041.339355,-0.262065,0.000000,-0.605487,16525.650391,
Mesh_1056:sStage0_19832;sSpMap_19838;sNMap_19835;
-0.602239,0.000000,0.269447,24405.769531,0.000000,0.659767,0.000000,5084.757324,-0.269447,0.000000,-0.602239,16650.488281,
Mesh_1064:sStage0_19199;sSpMap_19205;sNMap_19202;
0.997564,0.000000,0.069756,24837.871094,0.000000,1.000000,0.000000,5234.360352,-0.069756,0.000000,0.997564,17477.203125,
Mesh_1072:sStage0_19217;sSpMap_19223;sNMap_19220;
0.997564,0.000000,0.069757,24895.931641,0.000000,1.000000,0.000000,5234.169434,-0.069757,0.000000,0.997564,17512.402344,
Mesh_1080:sStage0_20672;sSpMap_20678;sNMap_20675;
1.000000,0.000000,0.000000,23773.441406,0.000000,1.000000,0.000000,5020.651855,0.000000,0.000000,1.000000,13861.238281,
Mesh_1088:sStage0_20327;sSpMap_20333;sNMap_20330;
1.000000,0.000000,0.000000,24705.359375,0.000000,1.000000,0.000000,5072.953613,0.000000,0.000000,1.000000,17310.710938,
Mesh_1094:sStage0_20225;sSpMap_20231;sNMap_20228;
1.000000,0.000000,0.000000,24705.359375,0.000000,1.000000,0.000000,5072.953613,0.000000,0.000000,1.000000,17310.710938,
Mesh_1100:sStage0_20300;sSpMap_20306;sNMap_20303;
1.000000,0.000000,0.000000,24705.359375,0.000000,1.000000,0.000000,5072.953613,0.000000,0.000000,1.000000,17310.710938,
Mesh_1106:sStage0_20291;sSpMap_20297;sNMap_20294;
1.000000,0.000000,0.000000,24705.359375,0.000000,1.000000,0.000000,5072.953613,0.000000,0.000000,1.000000,17310.710938,
Mesh_1114:sStage0_20282;sSpMap_20288;sNMap_20285;
0.154209,0.000000,0.988038,23738.134766,0.000000,1.000000,0.000000,5060.373535,-0.988038,0.000000,0.154209,14178.736328,
Mesh_1120:sStage0_20300;sSpMap_20306;sNMap_20303;
0.154209,0.000000,0.988038,23738.134766,0.000000,1.000000,0.000000,5060.373535,-0.988038,0.000000,0.154209,14178.736328,
Mesh_1126:sStage0_20291;sSpMap_20297;sNMap_20294;
0.154209,0.000000,0.988038,23738.134766,0.000000,1.000000,0.000000,5060.373535,-0.988038,0.000000,0.154209,14178.736328,
Mesh_1134:sStage0_19622;sSpMap_19628;sNMap_19625;
-0.044694,0.000000,0.634318,23239.980469,0.000000,0.635890,0.000000,5054.482910,-0.634318,0.000000,-0.044694,13430.182617,
Mesh_1142:sStage0_20282;sSpMap_20288;sNMap_20285;
-0.462067,0.000000,-0.886845,23278.000000,0.000000,1.000000,0.000000,5078.000000,0.886845,0.000000,-0.462067,13416.000977,
Mesh_1148:sStage0_20300;sSpMap_20306;sNMap_20303;
-0.462067,0.000000,-0.886845,23278.000000,0.000000,1.000000,0.000000,5078.000000,0.886845,0.000000,-0.462067,13416.000977,
Mesh_1154:sStage0_20291;sSpMap_20297;sNMap_20294;
-0.462067,0.000000,-0.886845,23278.000000,0.000000,1.000000,0.000000,5078.000000,0.886845,0.000000,-0.462067,13416.000977,
Mesh_1162:sStage0_19832;sSpMap_19838;sNMap_19835;
-0.408737,0.000000,-0.546099,23282.242188,0.000000,0.682118,0.000000,5104.172363,0.546099,0.000000,-0.408737,13421.384766,
Mesh_1165:sStage0_19832;sSpMap_19838;sNMap_19835;
0.135259,0.000000,-0.990810,23728.267578,0.000000,1.000000,0.000000,5088.910156,0.990810,0.000000,0.135259,14948.702148,
Mesh_1173:sStage0_19226;sSpMap_19232;sNMap_19229;
1.000000,0.000000,0.000000,24613.800781,0.000000,1.000000,0.000000,5769.949219,0.000000,0.000000,1.000000,17641.304688,
Mesh_1181:sStage0_20681;sSpMap_20687;sNMap_20684;
0.615649,0.000000,0.788011,24116.867188,0.000000,1.000000,0.000000,5024.472656,-0.788011,0.000000,0.615649,16098.727539,
Mesh_1189:sStage0_20282;sSpMap_20288;sNMap_20285;
-0.153718,0.000000,0.988116,23734.777344,0.000000,1.000000,0.000000,5060.373535,-0.988116,0.000000,-0.153718,14950.905273,
Mesh_1195:sStage0_20300;sSpMap_20306;sNMap_20303;
-0.153718,0.000000,0.988116,23734.777344,0.000000,1.000000,0.000000,5060.373535,-0.988116,0.000000,-0.153718,14950.905273,
Mesh_1201:sStage0_20291;sSpMap_20297;sNMap_20294;
-0.153718,0.000000,0.988116,23734.777344,0.000000,1.000000,0.000000,5060.373535,-0.988116,0.000000,-0.153718,14950.905273,
Mesh_1210:sStage0_20216;sSpMap_20222;sNMap_20219;
0.956992,0.000000,-0.290115,24196.832031,0.000000,1.000000,0.000000,5225.000000,0.290115,0.000000,0.956992,17136.710938,
Mesh_1213:sStage0_20216;sSpMap_20222;sNMap_20219;
-0.699486,0.000000,-0.714640,22530.000000,0.000000,1.000000,0.000000,4875.000000,0.714640,0.000000,-0.699486,11955.000000,
Mesh_1218:sStage0_20216;sSpMap_20222;sNMap_20219;
0.956973,0.000000,-0.290176,24195.716797,0.000000,1.000000,0.000000,5135.000000,0.290176,0.000000,0.956973,17141.033203,
Mesh_1221:sStage0_20216;sSpMap_20222;sNMap_20219;
0.999468,0.000000,-0.032605,24173.873047,0.000000,1.000000,0.000000,5135.000000,0.032605,0.000000,0.999468,17524.505859,
Mesh_1230:sStage0_20282;sSpMap_20288;sNMap_20285;
-0.315288,0.000000,-0.948996,23073.000000,0.000000,1.000000,0.000000,5078.000000,0.948996,0.000000,-0.315288,13916.000977,
Mesh_1236:sStage0_20300;sSpMap_20306;sNMap_20303;
-0.315288,0.000000,-0.948996,23073.000000,0.000000,1.000000,0.000000,5078.000000,0.948996,0.000000,-0.315288,13916.000977,
Mesh_1242:sStage0_20291;sSpMap_20297;sNMap_20294;
-0.315288,0.000000,-0.948996,23073.000000,0.000000,1.000000,0.000000,5078.000000,0.948996,0.000000,-0.315288,13916.000977,
Mesh_1250:sStage0_20468;sSpMap_20474;sNMap_20471;
1.000000,0.000000,0.000000,0.000000,0.000000,1.000000,0.000000,20.000000,0.000000,0.000000,1.000000,0.000000,
Mesh_1256:sStage0_20501;sSpMap_20507;sNMap_20504;
1.000000,0.000000,0.000000,0.000000,0.000000,1.000000,0.000000,20.000000,0.000000,0.000000,1.000000,0.000000,
Mesh_1265:sStage0_20468;sSpMap_20474;sNMap_20471;
1.000000,0.000000,0.000000,0.000000,0.000000,1.000000,0.000000,20.000000,0.000000,0.000000,1.000000,0.000000,
Mesh_1271:sStage0_20468;sSpMap_20474;sNMap_20471;
1.000000,0.000000,0.000000,0.000000,0.000000,1.000000,0.000000,20.000000,0.000000,0.000000,1.000000,0.000000,
Mesh_1277:sStage0_20468;sSpMap_20474;sNMap_20471;
1.000000,0.000000,0.000000,24620.000000,0.000000,1.000000,0.000000,6780.000000,0.000000,0.000000,1.000000,17945.000000,
Mesh_1283:sStage0_20468;sSpMap_20474;sNMap_20471;
1.000000,0.000000,0.000000,24620.000000,0.000000,1.000000,0.000000,6780.000000,0.000000,0.000000,1.000000,17945.000000,
Mesh_1292:sStage0_21536;sSpMap_21542;sNMap_21539;
0.615651,0.000000,-0.788010,24495.541016,0.000000,1.000000,0.000000,5771.178223,0.788010,0.000000,0.615651,17732.150391,
Mesh_1300:sStage0_21554;sSpMap_21560;sNMap_21557;
-0.615651,0.000000,0.788010,24377.250000,0.000000,1.000000,0.000000,5769.293945,-0.788010,0.000000,-0.615651,17788.695313,
Mesh_1306:sStage0_21572;sSpMap_21578;sNMap_21575;
-0.615651,0.000000,0.788010,24377.250000,0.000000,1.000000,0.000000,5769.293945,-0.788010,0.000000,-0.615651,17788.695313,
Mesh_1314:sStage0_19832;sSpMap_19838;sNMap_19835;
-0.242372,0.000000,-0.637607,23070.777344,0.000000,0.682118,0.000000,5100.762695,0.637607,0.000000,-0.242372,13918.746094,
Mesh_1322:sStage0_19649;sSpMap_19655;sNMap_19652;
0.699712,0.000000,-0.508377,24594.988281,0.000000,0.864891,0.000000,5771.333008,0.508377,0.000000,0.699712,17947.800781,
Mesh_1330:sStage0_19262;sSpMap_19268;sNMap_19265;
-0.997564,0.000000,-0.069756,24429.556641,0.000000,1.000000,0.000000,5771.137695,0.069756,0.000000,-0.997564,18141.072266,
